model,bargaining,committee,debate,sales,village,__mean__
Gemini-3.1-Pro,0.41888888888888887,0.9,0.24492753623188407,0.3511111111111111,0.7555555555555555,0.534096618357488
Grok-4,0.37222222222222223,0.8011363636363636,0.21594202898550724,0.2,0.6666666666666666,0.4511934563021519
DeepSeek-V4-Pro,0.38598442714126807,0.75,0.2318840579710145,0.27555555555555555,0.6024096385542169,0.44916673584441097
GPT-5.5,0.3811111111111111,0.6222222222222222,0.30144927536231886,0.13333333333333333,0.6741573033707865,0.42245464907995445
Claude-Opus-4.7,0.15555555555555556,0.6256983240223464,0.26666666666666666,0.16,0.5555555555555556,0.3526952203600248
Llama-3.3-70B,0.15666666666666668,0.6166666666666667,0.1463768115942029,0.36,0.45977011494252873,0.34789605197401297
